1 2.1419053154730548 1.919407948982788 0.0501333631091041 -0.10699028639933772 1.2809776380727795 1.6846227956326554 0.18277859260127316 -0.39664340267804343 0.8090554869291249 2.48621339239065
1 1.8023071496873626 0.8784870753345065 2.4105062239438624 0.3597672177864262 -0.20964445925329134 1.3537576978720287 0.5096503508009924 1.5507215382743629 -0.20355100196508347 1.3210160806416416
1 2.5511476388671834 1.438530286247105 1.481598060824539 2.519631078968068 0.7231682708126751 0.9160610215051366 2.255833005788796 0.6747272061334229 0.8267096669389163 -0.8585851445864527
1 2.4238069456328435 -0.3637260240750231 -0.964666098753878 0.08140515606581078 -1.5488873933848062 -0.6309606578419305 0.8779952253801084 2.289159071801577 0.7308611443440066 1.257491408509089
1 0.6800856239954673 -0.7684998592513064 0.5165496871407542 0.4900095346106301 2.116673376966199 0.9590527984827171 -0.10767151692007948 2.8623214176471947 2.1457411377091526 -0.05867720489309214
1 2.0725991339400673 -0.9317441520296659 1.30102521611535 1.2475231582804265 2.4061568492490872 -0.5202207203569256 1.2709294126920896 1.5612492848137771 0.4701704219631393 1.5390221914988276
1 3.2123402141787243 0.36706643122715576 -0.8831759122084633 1.3865659853763344 1.3258292709064945 0.09869568049999977 0.9973196910923824 0.5260407450146751 0.4520218452340974 0.9808998515280365
1 2.6468163882596327 -0.10706259221579106 1.5938103926672538 0.8443353789148835 1.6632872929286855 2.2267933606886228 1.8839698437730905 1.2217245467021294 1.9197020859698617 0.2606241814111323
1 1.803517749531419 0.7460582552369641 0.23616113949394446 -0.8645567427274516 -0.861306200027518 0.423400118883695 0.5910061937877524 1.2484609376165419 0.5190870450972256 1.4462120573539101
1 0.5534111111196087 1.0456386878650537 1.704566327313564 0.7281759816328417 1.0807487791523882 2.2590964696340183 1.7635098382407333 2.7220810801509723 1.1459500540537249 0.005336987537813309
1 1.2007496259633872 1.8962364439355677 2.5117192131332224 -0.40347372807487814 -0.9069696484274985 2.3685654487373133 0.44032696763461554 1.7446081536741977 2.5736655956810672 2.128043441818191
1 0.8079184133027463 -1.2544936618345086 1.439851862908128 1.6568003265998676 0.2550498385706287 2.1994753269490133 2.7797467521986703 1.0674041520757056 2.2950640220107115 0.4173234715497547
